# Created by Octave 3.4.0, Sat Dec 03 20:05:12 2011 GMT <davidsingleton@dylan.local>
# name: Theta2
# type: matrix
# rows: 4
# columns: 65
 -0.3104428812601681 -0.001360280356314797 -0.01261266246515236 -0.004283319352711536 -0.01250469760229193 -0.002463504879188978 -0.00335420998722712 -0.001357250735853402 -0.01264301856602864 -0.05148000095122111 -0.009277902456007401 -0.01240934971121081 -0.01392336825328969 -0.009603375833732455 -0.01385959622081252 -0.01456504364327268 0.0003892340267994712 0.00399091729084613 -0.01248700979478491 -0.01386480891577003 -0.001063985141430139 -0.01173435194412464 -0.002932859659143015 -0.01404403112946801 0.0006053699178074169 -0.003107270259572476 -0.01242710730397952 -0.0009031499488367892 -0.003128604741787395 -0.05147985568796079 -0.01288099181459833 -0.01257179520340664 -0.003715231737391529 -0.001302737358006302 -0.01262304709642808 -0.002630406889736661 -0.01220056021103834 -0.01249150374731984 -0.01079703240911688 -0.004456116722231599 0.04233476726089795 -0.01253540423064348 -0.0001360497088343163 -0.01263083499100821 -0.001124356804868595 -0.001218371769302411 -2.565751256813696e-05 -0.01245566099647063 -0.003134559357675653 -0.01261209006014228 -0.001247077339826079 -0.001302226682433787 -0.01254079346217463 -0.01278840179986375 -0.01255734438217212 -0.01166039590489958 -0.01565721126231609 -0.001234098105061482 -0.01159622054920758 -0.01249071917316379 -0.01223411335094597 -0.05000584907533102 -0.01265632537860784 -0.001409494362191254 -0.01385866771388778
 0.01848975137469798 0.0003924976524041732 -0.002485116544483198 -0.0009178338284784539 -0.00239386417320557 -0.007831475040639461 0.001899957906678033 0.0004444348688511821 -0.002327465235142712 0.06539166483906085 -0.00479734727064087 -0.00254735929454196 -0.001876650885145053 -0.006878313200085764 -0.001888210484852579 -0.0007189658864148961 -0.0006438949052046807 -0.005283859325021087 -0.004538587775796027 -0.00187897916019873 0.0022369204113029 -0.003833359484615545 -0.001128405475589597 -0.001855565624067897 -0.0009856109215017209 -0.01875305953206197 -0.002515309893224224 0.000414202061456541 -0.0009807063544969926 0.06351175250186444 -0.003787865086824879 -0.00244929770110046 -0.0003748250126646134 -0.002244110667844726 -0.002450347747837695 0.003313129251724552 -0.002864449497233875 -0.002466592448670925 -0.001959008349269201 0.005229081440404971 -0.06413100994209844 -0.002552193492755486 6.726522879758822e-05 -0.002381602628433212 -0.0008953298958012858 0.0003921199546420979 -0.0001909531765562501 -0.002441654977344829 -0.001140847701784781 -0.002441317524610279 0.0002922846293684879 0.0004632243178649697 -0.002433221974240862 -0.004335613188298489 -0.002448462971521302 0.00570536634719745 0.003957150747507892 0.0003235852884549398 0.005807782399216725 -0.002455177350266173 3.080386204309963e-05 0.06035218224293237 -0.002436366221820464 0.0004598689613381434 -0.001894121671933387
 0.7681407645970889 0.001159459368054049 0.03952572831408752 0.01512490700344375 0.03929633127974006 0.001972029427738968 0.002224311933056469 0.001074067584365903 0.03940032944952988 -0.005148072621108379 0.03067618998348858 0.03929297839661108 0.04047615139739417 0.04622910999654333 0.04039982185326182 0.0406071143049541 -0.0001425421524507064 0.001986133181365525 0.03727581631042355 0.0403962157442504 0.002762480517060473 0.04211343366027976 0.009468672553843982 0.04070967944195203 -0.0005242817590939008 0.06601619536716323 0.03926347073133081 0.0004885500003313212 0.009528502968221315 -0.004229909724467166 0.03802690075998953 0.03941711406750421 0.01112292346268861 0.008800821091997719 0.03955592776375891 0.003703519540188627 0.0393583466549951 0.03931781543461356 0.03044855240841836 0.003009142228255868 0.02005461508003192 0.03955156352016172 6.473738374047466e-05 0.03945337535713438 0.001603757769240935 0.0008890117753071088 2.973896387338626e-05 0.03914928499954155 0.01005014030747451 0.03951520821631216 0.001057529189758763 0.0009626286202066792 0.03939535924959747 0.03765445717647393 0.03943338946356802 0.03885905105313402 0.03355437855304577 0.001013273164556973 0.03885928558129385 0.03925583010568514 0.03354995360579933 -0.003340904083048624 0.03959228801163535 0.001134121202473202 0.04040373249268886
 -0.9465125340604699 -0.0004405032701690815 -0.05877285101394453 -0.02102148263610885 -0.0584777209610008 -0.004704926059513533 -0.002449166009932128 -0.0003525911774517868 -0.05865532182635438 -0.01173313860388078 -0.04447503017188995 -0.05848163015241889 -0.05896896465027263 -0.05788620649149312 -0.05889128091546467 -0.05895678176392161 -9.7548820077571e-06 -0.001284227536075767 -0.05419763409381999 -0.05888854656068635 -0.00421674464996352 -0.05834564444526975 -0.01358562890542552 -0.05917276144728761 0.000461768231916009 -0.05520057916854972 -0.05844641812642148 -0.0001584817525827596 -0.01361318971695552 -0.01217025469554392 -0.05544776401678203 -0.0586683765043067 -0.01754091192342018 -0.01364270700962206 -0.05880273485596071 -0.009556813379738424 -0.05842546070869548 -0.05858152804905719 -0.04338831666746505 -0.005600303504374527 -0.01042789056942015 -0.05871822880675227 -7.674666146202258e-05 -0.05870067708156539 -0.001535692099000563 -0.0001023568527579356 -4.374376818234872e-05 -0.05840887708137854 -0.01448534834504225 -0.05876938593092895 -0.0002943324017404749 -0.0002630025353874876 -0.05857175417663697 -0.05466771270219779 -0.05869342088216617 -0.05464457573852186 -0.04764206520910483 -0.0002134981105099678 -0.05464866052530039 -0.05852177386249131 -0.05258685558284103 -0.01257469430562621 -0.05884587438845811 -0.0004132323002436165 -0.05889075562718129


